750
16
135
17
387
430
507
163 782
706
836
916 331
336 862
206 321
31 117
813 919
100
826
38
575
970
986
134 280
688
857 715
636 634
808 856
382 956
577 61
653 631
853 162
681 226
695 837
686 173
625 155
758 991
48
248 171
70
456
28
533
900
729
922
393
76 157
10 564
522 940
598 464
794 700
45
974 59
234 459
301
488
691
787
490 238
152 697
426 624
212
315
35
358
233
245
210
508
539
406
446
19
443 79
705 410
578 244
614
7
963
779
895
36 243
909 30
99 126
753 237
828 651
18 517
478 438
736
664 119
251
663
870
989
556
526
748
400
593
391
477
672
809
658
780
768
145
305
149
232
229
217
766
646
784
654
865
669
804
299
278
357
317
111
240
174
704
279
898 335
114 583
475 911
150 617
55 337
992
762 793
934 670
912 471
528 800
204 422
716 511
11
298
333
319
491
284
340
187
303
379
209
720 904
886
746
547 97
993 353
710 769
160 615
876 945
409 359
721 236
562 413
474 553
339 685
889
966
850
275
972
329
504
166
296
479
938
694
854
722
978
926
754
300
827
864
786
851
843
875
424 548
874
460
180 94
942
728
925
211
87
561
647
500
924
650
680
642
530
380
687
531
313
399 402
341 884
376 146
368 665
259 818
297 80
407 985
221 847
287
113
253 190
288 699
454 879
487 137
432 897
759 392
815
355 825
476 612
999 788
990 698
371 289
535 306
979 703
740 568
643 846
558 65
987
272
51 609
563 817
290 662
607 783
546
203
130 53
21
860
324 891
921
821
427 544
574
807
971
616
755
184
541
235
519
822
713
604
552 731
463
905
13
606
230
497
515
569
311
349
397
950
908
712
845
623
363 841
384 185
551
493
890
899
581 494
395 388
984 96
973 585
118 932
774 981
123 390
943 115
285 82
325
120
638
913
320
770 338
169 795
158 622
365 46
6 608
668 195
161 492
805 495
216
689 183
37 366
127
403 752
199 659
901 310
194
467
228
677
268
435
441
360
473
656
570
764
312
177
112
292
648
702
888
416
332
778
361
277
423
756
373 524
168 737
896
480
537 599
652
645
983
880
4
588
101 350
64 525
566 579
542 866
69 949
820
109
997
998
449 696
219
955
747
678
527 871
742
951
218 466
328
867
605
964
591
351
258
167
326
83
1
192
5
276
186
294
396
682
613
727
693
917
863
849
859
792
931
73
208
136
639
74
14
431
24
92
90
314
34
433
41
354
197
60
9
239
75
142
709 307
84 198
935
975
798 85
761
12 257
595 242
247
255
855
25
602
555
708
679
819
791
839
178
948
348
611
741
848
381
214 482
936
52 814
576
760 996
458 27
481 840
327 44
200 153
498 105
735 513
270 947
108 881
873 147
23
567
596
485
803
271 838
256 510
834 8
196
436
969
844
823
265
516
322 47
910 961
852
89
878
829
291 104
3
412
584
565
411
318 269
633 521
946 958
452 207
923
439
103
286
78
223 590
451
745
757
419 129
68 796
344 957
93 883
824 711
534 469
188 372
872 501
250 95
116 816
806 717
49 266
635 386
434 26
799
453
202
468
502
830
594
241
600 673
140
98
347
893
626
205
374
377
425
342
362
988 810
404
370
159
308
29
50
225
56
33
42
63
505
302
367
520
621
316
283
523 40
831
802
102 71
263 861
637 937
571 401
933
356
506
334
586 832
179
777
148
191 968
72 455
165 405
364
743
124 304
572 518
465 894
503 512
657 977
461 580
415 601
675 2
57 67
249 929
144 630
967 995
545 582
20 398
414 215
980 0
62
274
189
724
201
121
220
106
43
122
141
994
193
369
486
690
976
790
842
954
655
776
671
734
649
767
260
877
532
499
723
627
959
914
771
560
667
378
346
592
540
549
489
323
39
282
267
692
772
733
550
429
462
707
882 858
224 833
91 484
54 619
962
902 418
133 683
676 345
726 529
408 674
375 227
252 470
543 15
629
812
887
559
952 66
22
775
906
892 765
447 131
732
750 763
444 496
603 182
885 918
960 394
620 744
58 982
661 789
385 262
383 749
457
428 417
927 920
739
641
554
785
538
640
352
811
420
442
610
483
154
868 930
437 273
939
343 797
953 915
587 445
941 175
330 618
835 138
128 632
684 701
628 573
965 660
172 88
295 589
666 86
509
557
143 903
751 781
246 231
281
450
81
32 801
421
125
151 773
264 156
597
738
261
472
725
907
644
309
536
928 714
139
293
110
77
213
222
514
869
944
730
181
254
718
719
440
389
448
107
132
176
164
170
